camera_matrix:
- - 1488.8785232685111
  - 0.0
  - 700.8263278478348
- - 0.0
  - 1489.3159071827622
  - 800.153865886827
- - 0.0
  - 0.0
  - 1.0
dist_coefs:
- - -0.25679871677738925
  - 0.15743614968856431
  - 4.470885156750121e-05
  - 0.002273137364073014
  - -0.08431825439526383
rms: 0.5155563055529415
